5.000000 0.000010 1.000000 1000000.000000 0.184842 0.187936 0.169774 0.171957 1.000000e-05 1.000000e-05
5.000000 0.012500 1.000000 0.400000 0.198188 0.195474 0.182813 0.178975 9.267000e-03 6.977000e-03
5.000000 0.025000 1.000000 1000000.000000 0.212758 0.191919 0.196867 0.175777 1.429500e-02 8.349000e-03
5.000000 0.050000 1.000000 0.400000 0.222266 0.196752 0.206199 0.180102 1.653200e-02 8.829000e-03
10.000000 0.000010 1.040000 1000000.000000 0.311070 0.337234 0.259777 0.273990 1.000000e-05 1.000000e-05
10.000000 0.012500 1.040000 1000000.000000 0.324689 0.343557 0.274514 0.279486 9.705000e-03 7.330000e-03
10.000000 0.025000 1.040000 0.400000 0.351873 0.353112 0.300327 0.287631 1.621100e-02 8.778000e-03
10.000000 0.050000 1.040000 0.400000 0.437953 0.354732 0.381102 0.288750 2.716600e-02 1.019800e-02
10.000000 0.100000 1.040000 0.400000 0.489625 0.355132 0.428055 0.289022 3.236200e-02 1.077800e-02
15.000000 0.000010 1.080000 0.400000 0.449626 0.477870 0.337927 0.347377 1.000000e-05 1.000000e-05
15.000000 0.012500 1.080000 0.400000 0.467244 0.488201 0.355639 0.355891 9.966000e-03 7.168000e-03
15.000000 0.025000 1.080000 0.400000 0.497285 0.492176 0.386647 0.359366 1.667700e-02 8.734000e-03
15.000000 0.050000 1.080000 0.400000 0.632886 0.494909 0.512741 0.361047 3.108100e-02 1.146300e-02
15.000000 0.100000 1.160000 0.175000 0.848273 0.594970 0.706641 0.421613 4.778600e-02 1.815500e-02
30.000000 0.000010 1.160000 0.400000 0.840264 0.880156 0.486118 0.469221 1.000000e-05 1.000000e-05
30.000000 0.012500 1.080000 0.400000 0.868060 0.828419 0.517882 0.461438 1.092000e-02 7.142000e-03
30.000000 0.025000 1.160000 0.400000 0.908439 0.912943 0.558723 0.495541 1.811600e-02 8.745000e-03
30.000000 0.050000 1.160000 0.250000 1.099404 0.939171 0.724065 0.513416 3.282500e-02 1.238500e-02
30.000000 0.100000 1.640000 0.175000 1.642592 1.381243 1.225212 0.654808 7.161200e-02 4.109600e-02
30.000000 0.200000 1.640000 0.125000 2.288722 1.406827 1.855529 0.676946 1.192460e-01 8.990000e-02
60.000000 0.000010 1.320000 0.400000 1.826085 1.995099 0.715873 0.668263 1.000000e-05 1.000000e-05
60.000000 0.012500 1.320000 0.400000 1.869439 2.057418 0.756076 0.708654 1.604200e-02 8.133000e-03
60.000000 0.025000 1.320000 0.175000 1.928206 2.180794 0.831354 0.778873 2.620600e-02 1.103400e-02
60.000000 0.050000 1.640000 0.400000 2.045807 2.535870 1.005758 0.837213 4.062200e-02 1.645900e-02
60.000000 0.100000 1.640000 0.175000 2.393274 2.583763 1.471967 0.876721 7.730200e-02 4.650200e-02
60.000000 0.200000 1.640000 0.150000 3.068774 2.581410 2.360276 0.888872 1.703230e-01 1.513910e-01
