correction_method 11   obs_discard_width -1 
CAREFUL: DELTA_T 0.01  MODEL_SIZE 40  FORCING 8  ENSEMBLE SIZE 80 
CAREFUL: num_times 1100  skipping 100  obs_err_var 1.0  
obs_intvl 5   time_err_sd 0.000010 
0  0.000189842 0.038498 0.216476 293.062222 
1.000000 1000000.000000 0.199617 0.193415 0.182146 0.176013 0.000010 0.000010 
0  0.000183114 0.038008 0.333174 1696.198034 
1.000000 1000000.000000 0.212226 0.196049 0.193946 0.177762 0.000010 0.000010 
0  0.000192564 0.038557 0.382482 1976.585284 
1.000000 1000000.000000 0.230140 0.194706 0.209778 0.177035 0.000010 0.000010 
0  0.000194934 0.037939 0.258616 940.260245 
1.000000 1000000.000000 0.204539 0.194901 0.185942 0.177177 0.000010 0.000010 
0  0.000175963 0.037242 0.217285 250.420262 
1.000000 1000000.000000 0.201886 0.199515 0.183912 0.180637 0.000010 0.000010 
0  0.000196006 0.038393 0.236009 830.804865 
1.000000 1000000.000000 0.203786 0.186005 0.187441 0.170104 0.000010 0.000010 
0  0.000190199 0.038240 1.301313 43203.405541 
1.000000 1000000.000000 0.209182 0.191393 0.191854 0.174211 0.000010 0.000010 
0  0.000183887 0.038951 0.525310 10407.637593 
1.000000 1000000.000000 0.207068 0.193676 0.188841 0.176253 0.000010 0.000010 
0  0.000182931 0.038372 0.427766 5708.718761 
1.000000 1000000.000000 0.213568 0.194083 0.194468 0.176417 0.000010 0.000010 
0  0.000190883 0.038246 0.320622 911.459481 
1.000000 1000000.000000 0.201101 0.195274 0.184086 0.177324 0.000010 0.000010 
obs_intvl 5   time_err_sd 0.012500 
0  0.236877 0.043936 0.295937 611.821336 
1.000000 0.400000 0.208208 0.198442 0.191352 0.180478 0.007471 0.007156 
0  0.228292 0.043047 0.389582 1374.504576 
1.000000 0.400000 0.222227 0.200772 0.204447 0.182002 0.007660 0.007052 
0  0.240511 0.045447 0.948008 23960.592657 
1.000000 0.400000 0.239088 0.199481 0.218864 0.181372 0.007880 0.007259 
0  0.243144 0.045506 2.726913 89205.319641 
1.000000 0.400000 0.222453 0.199305 0.203411 0.181134 0.008177 0.007551 
0  0.219563 0.042174 0.403306 4563.149059 
1.000000 0.400000 0.211827 0.204280 0.194486 0.184931 0.007831 0.007365 
0  0.244682 0.045358 0.340558 1095.222835 
1.000000 0.400000 0.208924 0.190962 0.193079 0.174575 0.007929 0.007481 
0  0.23713 0.044465 1.402681 43203.575398 
1.000000 0.400000 0.222203 0.196526 0.204703 0.178828 0.007580 0.007107 
0  0.229271 0.044485 0.655074 10407.643749 
1.000000 0.400000 0.212133 0.198100 0.194195 0.180275 0.007929 0.007408 
0  0.228255 0.044948 0.537572 5708.719390 
1.000000 0.400000 0.220459 0.198581 0.201576 0.180432 0.007860 0.007293 
0  0.238326 0.043982 0.364351 803.992666 
1.000000 0.400000 0.219459 0.200962 0.201725 0.182492 0.007648 0.006863 
obs_intvl 5   time_err_sd 0.025000 
51  0.416954 0.064640 0.793395 6470.838894 
1.020000 1000000.000000 0.235029 0.218907 0.217185 0.197278 0.009416 0.008326 
49  0.399573 0.065745 0.660377 3628.161505 
1.020000 1000000.000000 0.253685 0.220540 0.234539 0.198245 0.010163 0.008058 
59  0.418009 0.066899 0.530953 1958.528925 
1.020000 1000000.000000 0.264544 0.218574 0.244170 0.196885 0.010103 0.008424 
58  0.420588 0.069236 0.490059 1104.659906 
1.020000 1000000.000000 0.242246 0.218839 0.224254 0.197099 0.010303 0.008585 
46  0.384168 0.061705 0.452278 1190.404955 
1.020000 1000000.000000 0.239822 0.223495 0.221659 0.200459 0.009953 0.008540 
56  0.429804 0.070039 0.702231 3661.840262 
1.020000 1000000.000000 0.241531 0.210851 0.225019 0.190991 0.010130 0.008713 
55  0.414706 0.067424 1.555533 43203.575254 
1.020000 1000000.000000 0.243561 0.216445 0.225792 0.195166 0.009562 0.008186 
48  0.410144 0.064589 0.687047 10407.643749 
1.020000 1000000.000000 0.247792 0.217862 0.228672 0.196406 0.010340 0.008593 
44  0.414611 0.068583 1.200618 8164.900740 
1.020000 1000000.000000 0.251256 0.218205 0.231593 0.196501 0.010226 0.008583 
43  0.431103 0.065957 0.488791 1324.210513 
1.020000 1000000.000000 0.252818 0.219769 0.234634 0.197681 0.010204 0.008163 
obs_intvl 5   time_err_sd 0.050000 
347  0.485606 0.092621 0.559986 781.984044 
1.020000 0.400000 0.242239 0.222882 0.225206 0.200775 0.010333 0.008676 
327  0.490739 0.094561 0.517570 729.476032 
1.020000 0.400000 0.272161 0.225278 0.253100 0.202392 0.011255 0.008330 
356  0.482461 0.093717 0.709595 2822.014323 
1.020000 0.400000 0.292052 0.223996 0.270304 0.201703 0.011207 0.008676 
374  0.481591 0.092605 0.695353 3414.721942 
1.020000 0.400000 0.259722 0.223118 0.240705 0.200863 0.011166 0.008680 
317  0.467888 0.090947 0.573610 1514.057408 
1.020000 0.400000 0.252093 0.228567 0.234469 0.204980 0.011110 0.008968 
382  0.490946 0.094961 0.840216 3653.470120 
1.020000 0.400000 0.260132 0.215871 0.242658 0.195396 0.011132 0.009037 
351  0.493912 0.093867 0.585145 1357.417392 
1.020000 0.400000 0.269048 0.221724 0.250438 0.199879 0.010923 0.008564 
356  0.486225 0.093213 0.565182 520.507421 
1.020000 0.400000 0.264653 0.222128 0.245489 0.200238 0.011596 0.008888 
351  0.48798 0.094753 6.688571 240700.387322 
1.020000 0.400000 0.261391 0.222819 0.241181 0.200669 0.011191 0.009005 
343  0.497549 0.093423 0.565630 953.904088 
1.020000 0.400000 0.258243 0.224624 0.240702 0.202050 0.011026 0.008633 
obs_intvl 10   time_err_sd 0.000010 
0  0.000185138 0.038451 0.279531 1976.585759 
1.040000 1000000.000000 0.327410 0.339219 0.272818 0.275452 0.000010 0.000010 
0  0.000183521 0.037818 0.278681 2854.519474 
1.040000 1000000.000000 0.322606 0.339468 0.267685 0.275485 0.000010 0.000010 
0  0.000190328 0.038454 1.352062 43203.567187 
1.040000 1000000.000000 0.324019 0.334027 0.269215 0.272589 0.000010 0.000010 
0  0.000194514 0.037739 0.282265 1596.405860 
1.040000 1000000.000000 0.316506 0.339606 0.263121 0.275415 0.000010 0.000010 
0  0.000178242 0.038168 0.224211 356.157406 
1.040000 1000000.000000 0.316776 0.338688 0.264582 0.274533 0.000010 0.000010 
0  0.000196354 0.038381 0.308990 2751.961131 
1.040000 1000000.000000 0.332774 0.340547 0.276578 0.276741 0.000010 0.000010 
0  0.000189233 0.038765 0.735007 18920.356138 
1.040000 1000000.000000 0.321915 0.328005 0.269114 0.268846 0.000010 0.000010 
0  0.000184963 0.038467 0.290226 1655.861823 
1.040000 1000000.000000 0.301502 0.328936 0.253004 0.269552 0.000010 0.000010 
0  0.000183722 0.038162 0.488484 9335.388486 
1.040000 1000000.000000 0.330146 0.346744 0.274007 0.279999 0.000010 0.000010 
0  0.000186335 0.038445 0.231500 359.985159 
1.040000 1000000.000000 0.327309 0.335598 0.271210 0.273478 0.000010 0.000010 
obs_intvl 10   time_err_sd 0.012500 
0  0.231142 0.044812 0.339281 1976.585298 
1.020000 0.400000 0.346983 0.327178 0.292062 0.268130 0.008271 0.007107 
0  0.228822 0.043207 0.384551 2854.519413 
1.020000 0.400000 0.347936 0.327666 0.291802 0.268423 0.008761 0.007439 
0  0.237601 0.044325 1.398954 43203.575067 
1.020000 0.400000 0.346546 0.322412 0.291274 0.265251 0.008600 0.007095 
0  0.242565 0.045469 0.376592 1596.405838 
1.020000 0.400000 0.341601 0.327899 0.287312 0.268382 0.008387 0.007232 
0  0.2223 0.043503 0.319007 1331.960050 
1.020000 0.400000 0.342018 0.327174 0.287946 0.267578 0.008282 0.007090 
0  0.24512 0.045724 0.313410 477.273725 
1.020000 0.400000 0.351268 0.328026 0.294665 0.269240 0.008660 0.007339 
0  0.236281 0.044897 0.784317 17596.752332 
1.020000 0.400000 0.346419 0.316938 0.292135 0.262101 0.008475 0.007226 
0  0.23066 0.044351 0.354747 1655.861767 
1.020000 0.400000 0.331282 0.316699 0.280217 0.262049 0.008856 0.007454 
0  0.229287 0.044718 0.304165 506.296173 
1.020000 0.400000 0.353828 0.334518 0.294876 0.272368 0.008576 0.007327 
0  0.232591 0.044625 0.866068 21588.026839 
1.020000 0.400000 0.353557 0.323808 0.295814 0.266159 0.008339 0.006902 
obs_intvl 10   time_err_sd 0.025000 
0  0.460318 0.065697 0.971124 12999.068652 
1.020000 0.400000 0.412713 0.327275 0.350835 0.268189 0.011456 0.008541 
0  0.454679 0.065884 0.594152 2854.519413 
1.020000 0.400000 0.406855 0.327735 0.346583 0.268291 0.012603 0.008990 
0  0.47286 0.066510 2.483962 43203.575395 
1.020000 0.400000 0.413699 0.323526 0.352825 0.265944 0.012830 0.008522 
0  0.482024 0.067003 0.831935 9433.561217 
1.020000 0.400000 0.399542 0.328729 0.341484 0.268700 0.012128 0.008604 
0  0.441943 0.062798 0.741495 5851.176554 
1.020000 0.400000 0.390955 0.326955 0.335033 0.267472 0.011703 0.008559 
0  0.48798 0.070805 0.611449 4164.708143 
1.020000 0.400000 0.411964 0.328267 0.352029 0.269122 0.012645 0.008654 
0  0.470278 0.067986 0.683359 3442.637265 
1.020000 0.400000 0.405374 0.317567 0.347897 0.262569 0.012072 0.008619 
0  0.458539 0.064922 0.650598 1700.520732 
1.020000 0.400000 0.385317 0.318756 0.331764 0.263401 0.012256 0.008909 
0  0.456374 0.067758 0.450777 777.714753 
1.020000 0.400000 0.422489 0.335514 0.358271 0.273046 0.012175 0.008738 
0  0.463161 0.065990 0.495732 1138.924340 
1.020000 0.400000 0.413584 0.324094 0.352276 0.266311 0.012223 0.008211 
obs_intvl 10   time_err_sd 0.050000 
51  0.81209 0.123470 2.161684 48886.129407 
1.040000 0.250000 0.530592 0.358806 0.459536 0.291139 0.016266 0.010430 
49  0.792004 0.124285 1.647622 25020.260670 
1.040000 0.250000 0.539410 0.359072 0.473011 0.291020 0.018216 0.010618 
59  0.812521 0.125495 3.452163 57003.280300 
1.040000 0.250000 0.542591 0.354724 0.471080 0.288683 0.018435 0.010130 
58  0.830212 0.126298 1.358662 10676.933441 
1.040000 0.250000 0.528087 0.359358 0.462555 0.291188 0.017904 0.010402 
46  0.770713 0.116852 1.912563 44681.384794 
1.040000 0.250000 0.519661 0.357412 0.452038 0.289755 0.017070 0.009888 
56  0.860829 0.134944 0.970666 2339.445103 
1.040000 0.250000 0.579505 0.361635 0.506330 0.293121 0.019561 0.010626 
55  0.808192 0.130528 1.090015 4293.374479 
1.040000 0.250000 0.520214 0.349793 0.453683 0.286223 0.017095 0.010287 
48  0.806325 0.122338 0.890556 4751.101682 
1.040000 0.250000 0.519613 0.349339 0.456223 0.285815 0.018216 0.010326 
44  0.815902 0.128189 0.916424 2162.216988 
1.040000 0.250000 0.547736 0.365975 0.473940 0.294936 0.018089 0.010611 
43  0.832458 0.127376 0.929796 3536.920616 
1.040000 0.250000 0.559233 0.355610 0.485557 0.289092 0.018648 0.010087 
obs_intvl 10   time_err_sd 0.100000 
347  0.954352 0.181142 1.515342 9148.179568 
1.040000 0.400000 0.594600 0.348249 0.517061 0.282116 0.017912 0.010874 
327  0.963768 0.182970 2.087260 32754.768073 
1.040000 0.400000 0.643496 0.349718 0.569130 0.283029 0.021023 0.011452 
356  0.947783 0.178111 1.197426 6102.500888 
1.040000 0.400000 0.612170 0.344500 0.538078 0.279917 0.020790 0.010513 
374  0.938638 0.180136 1.188024 2490.367075 
1.040000 0.400000 0.593422 0.349932 0.522831 0.283024 0.019720 0.010601 
317  0.947569 0.177149 1.012181 1706.389553 
1.040000 0.400000 0.612396 0.347050 0.535194 0.281213 0.019401 0.011014 
382  0.98456 0.183287 1.488047 8834.219059 
1.040000 0.400000 0.630434 0.351258 0.553660 0.284451 0.020614 0.010999 
351  0.959952 0.182451 1.214441 2914.151381 
1.040000 0.400000 0.603414 0.338428 0.532502 0.276809 0.019597 0.010947 
356  0.954756 0.177322 1.139471 6095.796232 
1.040000 0.400000 0.591070 0.339197 0.522415 0.277041 0.019948 0.010869 
351  0.969106 0.184660 1.065851 1337.036459 
1.040000 0.400000 0.732154 0.356416 0.639677 0.286727 0.021635 0.012039 
343  0.971781 0.182535 1.107026 6706.757530 
1.040000 0.400000 0.664322 0.345334 0.580026 0.280460 0.020414 0.010745 
obs_intvl 15   time_err_sd 0.000010 
0  0.000184556 0.037978 0.292277 2854.519222 
1.080000 0.400000 0.427767 0.473801 0.324444 0.345065 0.000010 0.000010 
0  0.000187619 0.038417 0.386529 5708.719366 
1.080000 0.400000 0.441025 0.478654 0.335077 0.347747 0.000010 0.000010 
0  0.000192961 0.038222 0.280902 1408.246691 
1.080000 0.400000 0.442311 0.478021 0.335460 0.346857 0.000010 0.000010 
0  0.000192597 0.038786 0.220480 417.228713 
1.080000 0.400000 0.431720 0.466739 0.327927 0.342580 0.000010 0.000010 
0  0.000179298 0.038289 0.258286 1176.215332 
1.080000 0.400000 0.428512 0.466010 0.326549 0.342440 0.000010 0.000010 
0  0.000193961 0.038276 0.291029 1157.753519 
1.080000 0.400000 0.439206 0.482045 0.331591 0.348566 0.000010 0.000010 
0  0.000190946 0.037895 0.330282 981.217222 
1.080000 0.400000 0.423106 0.472997 0.323346 0.344302 0.000010 0.000010 
0  0.000186091 0.038510 0.235390 472.195564 
1.080000 0.400000 0.418441 0.474245 0.319643 0.345524 0.000010 0.000010 
0  0.000185503 0.038415 0.294797 2343.622241 
1.080000 0.400000 0.432643 0.476640 0.327916 0.346695 0.000010 0.000010 
0  0.000186207 0.037915 0.236245 420.703123 
1.080000 0.400000 0.444433 0.493670 0.331314 0.354374 0.000010 0.000010 
obs_intvl 15   time_err_sd 0.012500 
0  0.230354 0.044299 0.380307 2854.519413 
1.080000 1000000.000000 0.460005 0.467381 0.353322 0.339992 0.009243 0.007285 
0  0.234034 0.044070 0.488994 5708.719390 
1.080000 1000000.000000 0.479917 0.470509 0.369856 0.341417 0.009815 0.007134 
0  0.240878 0.044818 0.318954 477.668550 
1.080000 1000000.000000 0.470328 0.470438 0.363676 0.340959 0.009496 0.007378 
0  0.240351 0.045111 0.498421 5556.273178 
1.080000 1000000.000000 0.467008 0.459092 0.360881 0.336698 0.009582 0.007404 
0  0.223786 0.043688 0.324655 1723.499501 
1.080000 1000000.000000 0.450291 0.457847 0.350053 0.335793 0.009034 0.006928 
0  0.242011 0.045100 0.294800 413.279429 
1.080000 1000000.000000 0.478596 0.474580 0.367222 0.342615 0.010019 0.007293 
0  0.238181 0.044481 0.389640 925.934281 
1.080000 1000000.000000 0.448347 0.465311 0.347469 0.338163 0.009833 0.007781 
0  0.232077 0.043928 0.323549 679.372486 
1.080000 1000000.000000 0.447166 0.466470 0.346118 0.339505 0.009370 0.007371 
0  0.231685 0.044433 0.391258 2343.622242 
1.080000 1000000.000000 0.456953 0.468937 0.352184 0.340786 0.009601 0.007231 
0  0.232414 0.043455 0.347763 1596.397719 
1.080000 1000000.000000 0.465073 0.485165 0.352118 0.347957 0.009613 0.007264 
obs_intvl 15   time_err_sd 0.025000 
0  0.458473 0.066708 0.573109 2854.519413 
1.080000 1000000.000000 0.528131 0.467598 0.415090 0.339937 0.013908 0.008863 
0  0.465235 0.066527 0.445504 1240.960946 
1.080000 1000000.000000 0.566150 0.472532 0.448608 0.342415 0.015067 0.008544 
0  0.479495 0.066365 0.593002 3508.118238 
1.080000 1000000.000000 0.540888 0.471843 0.430314 0.341526 0.014700 0.008858 
0  0.478408 0.068831 0.654963 4413.108068 
1.080000 1000000.000000 0.541627 0.460202 0.429394 0.336903 0.014522 0.008913 
0  0.445502 0.064392 0.796589 7200.965378 
1.080000 1000000.000000 0.521555 0.459346 0.417307 0.336490 0.013709 0.008371 
0  0.481287 0.070895 0.609270 5579.634741 
1.080000 1000000.000000 0.560623 0.477866 0.441879 0.344387 0.015406 0.008839 
0  0.473476 0.067482 1.214681 23895.722763 
1.080000 1000000.000000 0.521765 0.465900 0.411666 0.338361 0.014730 0.009424 
0  0.461459 0.065523 0.493630 1638.986448 
1.080000 1000000.000000 0.516208 0.468498 0.409107 0.340201 0.014183 0.008900 
0  0.461595 0.067001 0.769786 8857.896331 
1.080000 1000000.000000 0.522510 0.470921 0.415338 0.341458 0.014339 0.008724 
0  0.462765 0.064278 0.587097 2108.048007 
1.080000 1000000.000000 0.540330 0.486865 0.418854 0.348536 0.014632 0.008719 
obs_intvl 15   time_err_sd 0.050000 
1  0.895448 0.123895 1.082285 3306.537323 
1.080000 0.250000 0.718916 0.492680 0.584269 0.358004 0.022359 0.013006 
4  0.896118 0.124293 0.903181 1259.291782 
1.080000 0.250000 0.757303 0.498775 0.622300 0.360965 0.023844 0.011965 
4  0.931516 0.127062 2.605337 30673.793966 
1.080000 0.250000 0.748143 0.497275 0.616741 0.359704 0.024541 0.012352 
4  0.927529 0.129827 1.222125 8458.567045 
1.080000 0.250000 0.745555 0.485660 0.613568 0.355233 0.023812 0.012960 
5  0.860028 0.121131 0.872585 3588.780722 
1.080000 0.250000 0.698037 0.484678 0.578845 0.354918 0.021956 0.011322 
3  0.934991 0.133946 0.983813 2214.837884 
1.080000 0.250000 0.780597 0.504857 0.639049 0.363490 0.024868 0.012696 
4  0.918609 0.128807 1.137335 3561.598887 
1.080000 0.250000 0.732773 0.493428 0.601071 0.357357 0.022966 0.013184 
5  0.896537 0.124468 2.271261 58383.139289 
1.080000 0.250000 0.725489 0.493648 0.596522 0.358454 0.023602 0.013159 
2  0.903356 0.126126 2.772355 62266.022077 
1.080000 0.250000 0.733138 0.495843 0.602145 0.359247 0.023488 0.012205 
0  0.909929 0.121829 1.081155 6445.277014 
1.080000 0.250000 0.739852 0.512638 0.597366 0.366871 0.023617 0.012805 
obs_intvl 15   time_err_sd 0.100000 
156  1.29908 0.230422 3.611224 82028.239240 
1.160000 0.250000 0.974180 0.563379 0.813307 0.394386 0.031933 0.020854 
131  1.34953 0.238323 1.933277 16480.925535 
1.160000 0.250000 1.015431 0.567201 0.861517 0.396239 0.034836 0.022556 
160  1.33671 0.233980 1.926688 12721.935270 
1.160000 0.250000 1.010617 0.567347 0.856393 0.395315 0.035092 0.021387 
176  1.32421 0.233156 14.579183 526514.107721 
1.160000 0.250000 1.031353 0.555469 0.871199 0.391229 0.033504 0.020590 
121  1.31368 0.227092 1.395252 2065.842246 
1.160000 0.250000 0.975945 0.556478 0.829618 0.391884 0.032613 0.019979 
156  1.38768 0.245299 2.620932 39375.362760 
1.160000 0.250000 1.062877 0.571900 0.898570 0.397125 0.037674 0.023396 
155  1.33153 0.235271 1.778046 13439.855179 
1.160000 0.250000 0.972593 0.565483 0.817590 0.394579 0.031988 0.022553 
142  1.33082 0.229041 1.543084 3340.147921 
1.160000 0.250000 0.988207 0.563710 0.842607 0.393995 0.034535 0.021268 
144  1.34463 0.243248 1.708366 6868.627578 
1.160000 0.250000 1.015893 0.565633 0.850269 0.394634 0.035063 0.022910 
158  1.32483 0.229934 26.048925 981026.126520 
1.160000 0.250000 1.021074 0.581466 0.849882 0.400889 0.034491 0.021044 
obs_intvl 30   time_err_sd 0.000010 
0  0.000186586 0.038225 0.237010 415.081693 
1.160000 0.400000 0.803927 0.870767 0.466409 0.468198 0.000010 0.000010 
0  0.000186377 0.038538 0.260335 581.228252 
1.160000 0.400000 0.848731 0.884016 0.482533 0.470733 0.000010 0.000010 
0  0.000193247 0.038292 0.256731 911.654204 
1.160000 0.400000 0.847089 0.875989 0.489035 0.468703 0.000010 0.000010 
0  0.000192501 0.038309 0.342455 2343.622242 
1.160000 0.400000 0.872923 0.900475 0.495043 0.474954 0.000010 0.000010 
0  0.000180803 0.038311 0.268326 2606.065595 
1.160000 0.400000 0.835626 0.878978 0.478379 0.469434 0.000010 0.000010 
0  0.00019507 0.037937 0.306814 2980.851549 
1.160000 0.400000 0.876953 0.895005 0.498983 0.473406 0.000010 0.000010 
0  0.000193024 0.038303 0.230266 234.522430 
1.160000 0.400000 0.841226 0.892922 0.477987 0.472514 0.000010 0.000010 
0  0.000184753 0.038505 0.244677 667.843970 
1.160000 0.400000 0.826221 0.887448 0.473325 0.472061 0.000010 0.000010 
0  0.000184009 0.038644 0.257800 1077.943314 
1.160000 0.400000 0.818813 0.860636 0.477064 0.464520 0.000010 0.000010 
0  0.000186199 0.038179 0.239427 378.969432 
1.160000 0.400000 0.825400 0.886711 0.471408 0.471163 0.000010 0.000010 
obs_intvl 30   time_err_sd 0.012500 
0  0.232721 0.044062 0.284159 347.797323 
1.160000 0.400000 0.836513 0.869506 0.497494 0.467845 0.012612 0.007803 
0  0.232622 0.043691 1.766277 49923.568648 
1.160000 0.400000 0.868257 0.883655 0.508169 0.470765 0.012805 0.007706 
0  0.241091 0.044184 0.322249 911.654124 
1.160000 0.400000 0.859512 0.876911 0.508560 0.468704 0.012883 0.007583 
0  0.23993 0.044255 0.389257 1456.764673 
1.160000 0.400000 0.921521 0.901331 0.536418 0.475361 0.013630 0.007542 
0  0.225708 0.043650 0.401824 2606.066322 
1.160000 0.400000 0.868683 0.880707 0.506009 0.469858 0.012436 0.007398 
0  0.243674 0.045019 0.334198 745.949099 
1.160000 0.400000 0.916965 0.896231 0.540563 0.473366 0.013404 0.007665 
0  0.240894 0.044194 0.447843 2826.987983 
1.160000 0.400000 0.880576 0.893294 0.512643 0.472582 0.013114 0.007269 
0  0.230559 0.044268 0.443618 4242.708260 
1.160000 0.400000 0.849951 0.890055 0.502133 0.472727 0.012375 0.007389 
0  0.22962 0.044569 0.314815 1077.943313 
1.160000 0.400000 0.843653 0.863394 0.506545 0.465127 0.012324 0.007191 
0  0.23252 0.043990 0.790954 18692.798619 
1.160000 0.400000 0.858023 0.886037 0.503975 0.471079 0.012141 0.007340 
obs_intvl 30   time_err_sd 0.025000 
0  0.462831 0.065747 0.597769 3364.607643 
1.160000 0.400000 0.913764 0.873306 0.571704 0.469031 0.018987 0.009654 
0  0.462733 0.064993 1.168243 18458.319106 
1.160000 0.400000 0.980095 0.888417 0.608580 0.472528 0.020022 0.009591 
0  0.479512 0.067555 0.547010 1170.885608 
1.160000 0.400000 0.933524 0.881254 0.585931 0.469763 0.019907 0.009320 
0  0.476772 0.067997 0.684938 3710.812021 
1.160000 0.400000 1.042018 0.902038 0.641790 0.475388 0.021147 0.009408 
0  0.449351 0.061550 0.421890 733.080022 
1.160000 0.400000 0.944630 0.884094 0.578458 0.470375 0.019093 0.009222 
0  0.485376 0.072030 0.710541 6139.282013 
1.160000 0.400000 1.018001 0.897361 0.632517 0.473855 0.021174 0.009502 
0  0.479248 0.069080 0.494098 1377.386202 
1.160000 0.400000 0.964571 0.895108 0.596674 0.472446 0.020420 0.009152 
0  0.458791 0.064223 0.647451 2927.038657 
1.160000 0.400000 0.958690 0.892574 0.596874 0.472752 0.020311 0.009090 
0  0.456884 0.067637 0.488295 1266.297162 
1.160000 0.400000 0.957666 0.864761 0.607386 0.465558 0.019433 0.008743 
0  0.463312 0.067563 0.551405 1383.551417 
1.160000 0.400000 0.952172 0.889481 0.585604 0.472181 0.019214 0.009074 
obs_intvl 30   time_err_sd 0.050000 
0  0.907347 0.123245 1.266219 6879.166413 
1.320000 0.400000 1.177572 1.016493 0.804058 0.509646 0.030673 0.015461 
0  0.905629 0.121896 1.121220 4619.955919 
1.320000 0.400000 1.228740 1.028904 0.836625 0.512209 0.032455 0.014383 
0  0.939214 0.125589 1.798784 16211.288845 
1.320000 0.400000 1.205794 1.027324 0.833483 0.511322 0.032504 0.014659 
0  0.933596 0.129632 1.175446 4829.297249 
1.320000 0.400000 1.273605 1.045697 0.859145 0.514932 0.032804 0.015516 
0  0.882202 0.116884 1.115574 3411.852096 
1.320000 0.400000 1.186229 1.028697 0.798745 0.511150 0.031356 0.014705 
0  0.952355 0.137914 2.638373 45265.085706 
1.320000 0.400000 1.270053 1.039502 0.872609 0.514301 0.034031 0.015961 
0  0.938924 0.128445 1.263935 4998.631588 
1.320000 0.400000 1.228754 1.039347 0.838299 0.513709 0.033449 0.015050 
0  0.899959 0.122120 3.899190 85147.716131 
1.320000 0.400000 1.188608 1.035058 0.803681 0.513229 0.031423 0.014891 
0  0.896407 0.128955 0.993878 4332.354840 
1.320000 0.400000 1.151215 1.007949 0.797020 0.506670 0.030214 0.013742 
0  0.911628 0.126762 1.039631 2185.908116 
1.320000 0.400000 1.193286 1.034879 0.812414 0.512531 0.031473 0.014482 
obs_intvl 30   time_err_sd 0.100000 
1  1.69364 0.244443 2.775625 26132.875991 
1.320000 0.125000 1.684568 1.105490 1.268146 0.558919 0.060276 0.050261 
4  1.66444 0.244301 2.351046 14402.036310 
1.320000 0.125000 1.724938 1.117272 1.298049 0.561073 0.060500 0.044080 
4  1.73782 0.252091 2.697682 16625.952263 
1.320000 0.125000 1.776897 1.111830 1.352406 0.559335 0.063883 0.049178 
4  1.734 0.257057 1.675079 5396.427721 
1.320000 0.125000 1.814481 1.129692 1.359910 0.563835 0.064321 0.052603 
5  1.62893 0.226990 2.353531 16254.034041 
1.320000 0.125000 1.741844 1.114466 1.292470 0.559329 0.058981 0.045521 
3  1.76134 0.270523 1.951833 3259.012042 
1.320000 0.125000 1.781263 1.124698 1.367460 0.562364 0.063877 0.051202 
4  1.73622 0.257227 1.921837 8332.953714 
1.320000 0.125000 1.775961 1.121306 1.333475 0.561298 0.061462 0.049322 
5  1.67254 0.242209 2.364984 17465.094441 
1.320000 0.125000 1.699489 1.122203 1.279759 0.562295 0.060649 0.049347 
2  1.68013 0.253746 3.763079 45615.692050 
1.320000 0.125000 1.698984 1.092895 1.290427 0.555684 0.059047 0.047400 
0  1.71387 0.248879 2.174752 7698.957757 
1.320000 0.125000 1.759963 1.120504 1.311442 0.561746 0.064515 0.051536 
obs_intvl 30   time_err_sd 0.200000 
156  2.39029 0.464407 3.321909 15660.397407 
1.640000 0.125000 2.186045 1.336539 1.808130 0.614163 0.095005 0.093523 
131  2.41667 0.455624 5.163852 66863.724269 
1.640000 0.125000 2.283980 1.349390 1.888742 0.615294 0.104702 0.098114 
160  2.42219 0.454972 3.201273 17584.334442 
1.640000 0.125000 2.272085 1.349072 1.880292 0.614668 0.099737 0.093114 
176  2.41225 0.462888 3.756875 25642.028980 
1.640000 0.125000 2.314822 1.359919 1.891813 0.617447 0.099933 0.095298 
121  2.38602 0.442053 3.067431 17314.239750 
1.640000 0.125000 2.296474 1.347709 1.871422 0.614925 0.098527 0.092714 
156  2.49661 0.485106 3.522401 9272.617955 
1.640000 0.125000 2.345518 1.353631 1.940102 0.616568 0.109909 0.103356 
155  2.43748 0.472456 7.327276 123036.533203 
1.640000 0.125000 2.301348 1.350617 1.879273 0.614904 0.098699 0.098788 
142  2.41501 0.451189 3.432837 10349.956663 
1.640000 0.125000 2.274223 1.351981 1.856988 0.615903 0.101206 0.096520 
144  2.42886 0.466382 3.714667 33930.955640 
1.640000 0.125000 2.276299 1.333556 1.875212 0.612579 0.102041 0.098845 
158  2.39364 0.453693 2.544596 7853.357927 
1.640000 0.125000 2.254520 1.346781 1.828669 0.614911 0.097814 0.093663 
obs_intvl 60   time_err_sd 0.000010 
0  0.000187172 0.038140 0.287800 919.271540 
1.320000 0.250000 1.877658 2.081331 0.719329 0.687600 0.000010 0.000010 
0  0.000186367 0.038443 0.299593 2980.851382 
1.320000 0.250000 1.923661 2.058606 0.736303 0.684615 0.000010 0.000010 
0  0.000195671 0.038069 0.274336 2003.170098 
1.320000 0.250000 1.878997 2.074115 0.726295 0.687060 0.000010 0.000010 
0  0.000195509 0.038691 0.238357 515.645148 
1.320000 0.250000 1.851386 2.039427 0.721920 0.682592 0.000010 0.000010 
0  0.000183516 0.038601 0.325007 3709.099070 
1.320000 0.250000 1.855058 2.041961 0.715809 0.683027 0.000010 0.000010 
0  0.000191032 0.038033 0.236114 565.036555 
1.320000 0.250000 1.846206 2.017212 0.719709 0.681161 0.000010 0.000010 
0  0.000186822 0.038186 0.313197 1069.354886 
1.320000 0.250000 1.868634 2.034258 0.721161 0.683590 0.000010 0.000010 
0  0.000186309 0.038118 0.271960 1104.996768 
1.320000 0.250000 1.882672 2.058493 0.727053 0.685538 0.000010 0.000010 
0  0.00018458 0.037956 0.337431 2977.799370 
1.320000 0.250000 1.850603 2.035374 0.711022 0.682639 0.000010 0.000010 
0  0.000186202 0.038132 0.321465 4129.327375 
1.320000 0.250000 1.887570 2.054021 0.727198 0.684615 0.000010 0.000010 
obs_intvl 60   time_err_sd 0.012500 
0  0.233734 0.043928 0.487985 3550.916508 
1.320000 0.250000 1.909140 2.075650 0.751198 0.687730 0.021078 0.008092 
0  0.232499 0.043753 0.383144 2980.851464 
1.320000 0.250000 1.925507 2.057578 0.759919 0.684915 0.020941 0.008928 
0  0.244202 0.044399 0.539077 6626.741639 
1.320000 0.250000 1.883459 2.071321 0.753004 0.686732 0.021128 0.008805 
0  0.244091 0.045373 0.345582 2016.066268 
1.320000 0.250000 1.885915 2.046687 0.753222 0.682695 0.021202 0.008727 
0  0.228876 0.043969 0.400370 3709.097466 
1.320000 0.250000 1.879474 2.039687 0.743143 0.682762 0.020850 0.008421 
0  0.238434 0.045071 0.506443 3657.712455 
1.320000 0.250000 1.864783 2.024321 0.749800 0.681732 0.021074 0.008892 
0  0.233182 0.044001 0.392960 1863.532215 
1.320000 0.250000 1.901451 2.037561 0.756442 0.683750 0.020564 0.008387 
0  0.232664 0.044366 1.058594 30295.179628 
1.320000 0.250000 1.897147 2.060544 0.752342 0.686134 0.021191 0.008562 
0  0.230509 0.044142 0.724952 9730.417693 
1.320000 0.250000 1.876493 2.034205 0.742434 0.682544 0.020674 0.008608 
0  0.232534 0.044208 0.399913 4129.328365 
1.320000 0.250000 1.895190 2.056134 0.746082 0.684171 0.020468 0.008674 
obs_intvl 60   time_err_sd 0.025000 
0  0.465547 0.066043 0.504654 632.068573 
1.320000 0.250000 1.936941 2.077398 0.816648 0.687693 0.031983 0.010822 
0  0.462322 0.066276 0.602782 2980.851464 
1.320000 0.250000 1.957644 2.061102 0.823802 0.685334 0.032363 0.011939 
0  0.485772 0.067542 0.588906 1744.769007 
1.320000 0.250000 1.908908 2.075159 0.823943 0.687656 0.033445 0.011673 
0  0.485932 0.067769 0.637671 2382.018754 
1.320000 0.250000 1.932999 2.044096 0.827328 0.683002 0.033332 0.011647 
0  0.454714 0.063626 0.759434 12710.349330 
1.320000 0.250000 1.918066 2.034699 0.809090 0.682098 0.031663 0.011706 
0  0.474691 0.069724 0.531335 1557.231889 
1.320000 0.250000 1.898000 2.019008 0.820525 0.681915 0.032411 0.011992 
0  0.464358 0.068394 0.775984 5019.233859 
1.320000 0.250000 1.951708 2.033996 0.837070 0.683723 0.032136 0.011679 
0  0.463443 0.067203 0.845287 15119.575914 
1.320000 0.250000 1.945858 2.056902 0.824165 0.685887 0.033054 0.011668 
0  0.459478 0.068535 0.809572 6461.633687 
1.320000 0.250000 1.904008 2.037112 0.812071 0.682986 0.031149 0.011694 
0  0.463399 0.066489 0.648092 4129.328365 
1.320000 0.250000 1.948636 2.052826 0.824318 0.684750 0.032234 0.011587 
obs_intvl 60   time_err_sd 0.050000 
0  0.914301 0.123831 1.040227 3588.857004 
1.320000 0.175000 2.087011 2.105128 1.036043 0.701641 0.044864 0.018387 
0  0.905163 0.126726 1.061108 1736.930351 
1.320000 0.175000 2.094296 2.093504 1.030548 0.699607 0.046004 0.018293 
0  0.950541 0.128797 0.894224 1139.126240 
1.320000 0.175000 2.078296 2.104234 1.054703 0.701743 0.048088 0.019242 
0  0.952838 0.130853 1.226352 6693.766221 
1.320000 0.175000 2.088231 2.067546 1.057793 0.697085 0.047174 0.018902 
0  0.888004 0.117717 1.232020 6427.259644 
1.320000 0.175000 2.032882 2.070287 1.009347 0.697507 0.044795 0.019150 
0  0.932637 0.132974 1.888968 25952.283612 
1.320000 0.175000 2.024691 2.057164 1.032059 0.697025 0.045953 0.019089 
0  0.912733 0.129788 1.060945 3891.848015 
1.320000 0.175000 2.087908 2.066762 1.049814 0.698171 0.044979 0.019123 
0  0.910398 0.127575 1.525222 10690.799732 
1.320000 0.175000 2.064578 2.089106 1.033065 0.700278 0.045870 0.018514 
0  0.904887 0.127887 1.345319 17807.041283 
1.320000 0.175000 2.027656 2.066335 1.013561 0.698059 0.044775 0.017894 
0  0.912437 0.123858 1.261452 8426.363864 
1.320000 0.175000 2.076116 2.082898 1.031735 0.698866 0.045748 0.018287 
obs_intvl 60   time_err_sd 0.100000 
0  1.70657 0.237149 2.225867 12587.155271 
1.320000 0.150000 2.439703 2.096080 1.516982 0.707799 0.071297 0.054488 
0  1.68858 0.248307 2.664834 20662.519596 
1.320000 0.150000 2.421433 2.096994 1.512385 0.707907 0.073471 0.049146 
0  1.76138 0.249349 1.442950 1653.124280 
1.320000 0.150000 2.458012 2.089406 1.569117 0.707915 0.076211 0.054480 
0  1.77493 0.256652 2.085983 12042.953185 
1.320000 0.150000 2.476276 2.070551 1.573298 0.704220 0.076610 0.056398 
0  1.64907 0.231758 1.923321 6450.587405 
1.320000 0.150000 2.383991 2.066180 1.475312 0.704767 0.072306 0.052394 
0  1.74757 0.266004 1.897686 5801.650868 
1.320000 0.150000 2.376031 2.058715 1.539817 0.704033 0.076099 0.057326 
0  1.70871 0.253951 1.672184 3215.145222 
1.320000 0.150000 2.442865 2.061832 1.532240 0.705471 0.074324 0.055911 
0  1.70337 0.250793 2.089047 6503.759803 
1.320000 0.150000 2.422751 2.094192 1.523416 0.708237 0.073036 0.053140 
0  1.70348 0.253920 2.721032 29943.487840 
1.320000 0.150000 2.384623 2.073139 1.510076 0.705732 0.072938 0.051098 
0  1.71613 0.246349 6.508211 144585.533211 
1.320000 0.150000 2.451737 2.074916 1.532231 0.705661 0.073607 0.053015 
obs_intvl 60   time_err_sd 0.200000 
1  2.81252 0.469349 6.559874 52365.368642 
1.640000 0.150000 3.053688 2.389246 2.349143 0.742593 0.164538 0.163880 
4  2.80119 0.477743 3.637413 9583.373403 
1.640000 0.150000 3.050335 2.377667 2.354168 0.742617 0.158679 0.150917 
4  2.88254 0.483333 3.587915 10238.462408 
1.640000 0.150000 3.109584 2.363942 2.411576 0.741104 0.166519 0.161349 
4  2.90977 0.504448 15.742494 359632.035662 
1.640000 0.150000 3.105464 2.357282 2.430695 0.739547 0.171321 0.168319 
5  2.74132 0.462862 4.520089 19471.773538 
1.640000 0.150000 2.966833 2.376914 2.292317 0.741446 0.154614 0.148670 
3  2.9009 0.512683 3.373577 14602.658521 
1.640000 0.150000 3.101040 2.344603 2.437803 0.738916 0.175237 0.168779 
4  2.83109 0.506001 4.813668 23158.845187 
1.640000 0.150000 3.060898 2.356929 2.361239 0.740633 0.167708 0.165626 
5  2.82899 0.487494 5.426288 41985.231297 
1.640000 0.150000 3.074698 2.365987 2.370512 0.741590 0.162706 0.159559 
2  2.85945 0.501035 4.511494 17750.825977 
1.640000 0.150000 3.060726 2.348544 2.389192 0.739716 0.164180 0.154302 
0  2.85768 0.490758 3.804133 16571.162247 
1.640000 0.150000 3.091978 2.354485 2.392100 0.739473 0.164760 0.162351 
