correction_method 12   obs_discard_width 10 
CAREFUL: DELTA_T 0.01  MODEL_SIZE 40  FORCING 8  ENSEMBLE SIZE 80 
CAREFUL: num_times 1100  skipping 100  obs_err_var 1.0  
obs_intvl 5   time_err_sd 0.000010 
0  0.000189842 0.038498 0.216476 293.062222 
1.000000 1000000.000000 0.199617 0.193415 0.182146 0.176013 0.000010 0.000010 
0  0.000183114 0.038008 0.333174 1696.198034 
1.000000 1000000.000000 0.212226 0.196049 0.193946 0.177762 0.000010 0.000010 
0  0.000192564 0.038557 0.382482 1976.585284 
1.000000 1000000.000000 0.230140 0.194706 0.209778 0.177035 0.000010 0.000010 
0  0.000194934 0.037939 0.258616 940.260245 
1.000000 1000000.000000 0.204539 0.194901 0.185942 0.177177 0.000010 0.000010 
0  0.000175963 0.037242 0.217285 250.420262 
1.000000 1000000.000000 0.201886 0.199515 0.183913 0.180637 0.000010 0.000010 
0  0.000196006 0.038393 0.236009 830.804865 
1.000000 1000000.000000 0.203786 0.186005 0.187441 0.170104 0.000010 0.000010 
0  0.000190199 0.038240 1.301313 43203.405541 
1.000000 1000000.000000 0.209182 0.191393 0.191854 0.174211 0.000010 0.000010 
0  0.000183887 0.038951 0.525310 10407.637593 
1.000000 1000000.000000 0.207068 0.193676 0.188841 0.176253 0.000010 0.000010 
0  0.000182931 0.038372 0.427766 5708.718761 
1.000000 1000000.000000 0.213568 0.194083 0.194468 0.176417 0.000010 0.000010 
0  0.000190883 0.038246 0.320622 911.459481 
1.000000 1000000.000000 0.201101 0.195275 0.184086 0.177324 0.000010 0.000010 
obs_intvl 5   time_err_sd 0.012500 
0  0.236877 0.043936 0.295937 611.821336 
1.000000 0.400000 0.207164 0.201264 0.189898 0.183235 0.007435 0.007157 
0  0.228292 0.043047 0.389582 1374.504576 
1.000000 0.400000 0.223230 0.204456 0.205356 0.185475 0.007664 0.007053 
0  0.240511 0.045447 0.948008 23960.592657 
1.000000 0.400000 0.230964 0.202468 0.211093 0.184189 0.007778 0.007267 
0  0.243144 0.045506 2.726913 89205.319641 
1.000000 0.400000 0.218656 0.201929 0.199703 0.183681 0.008241 0.007557 
0  0.219563 0.042174 0.403306 4563.149059 
1.000000 0.400000 0.210710 0.207761 0.193483 0.188119 0.007825 0.007357 
0  0.244682 0.045358 0.340558 1095.222835 
1.000000 0.400000 0.208699 0.194011 0.192628 0.177515 0.007886 0.007476 
0  0.23713 0.044465 1.402681 43203.575398 
1.000000 0.400000 0.216127 0.199734 0.198639 0.181821 0.007522 0.007104 
0  0.229271 0.044485 0.655074 10407.643749 
1.000000 0.400000 0.210164 0.200479 0.192725 0.182585 0.007856 0.007406 
0  0.228255 0.044948 0.537572 5708.719390 
1.000000 0.400000 0.218198 0.201893 0.199033 0.183590 0.007823 0.007284 
0  0.238326 0.043982 0.364351 803.992666 
1.000000 0.400000 0.214923 0.203243 0.197626 0.184707 0.007611 0.006864 
obs_intvl 5   time_err_sd 0.025000 
51  0.416954 0.064640 0.793395 6470.838894 
1.000000 1000000.000000 0.226516 0.198612 0.207773 0.180855 0.009183 0.008334 
49  0.399573 0.065745 0.660377 3628.161505 
1.000000 1000000.000000 0.241898 0.200473 0.223432 0.181978 0.009732 0.008071 
59  0.418009 0.066899 0.530953 1958.528925 
1.000000 1000000.000000 0.247745 0.199222 0.226828 0.181253 0.009371 0.008420 
58  0.420588 0.069236 0.490059 1104.659906 
1.000000 1000000.000000 0.238611 0.198996 0.219500 0.181059 0.010092 0.008611 
46  0.384168 0.061705 0.452278 1190.404955 
1.000000 1000000.000000 0.231314 0.203421 0.213728 0.184341 0.009907 0.008508 
56  0.429804 0.070039 0.702231 3661.840262 
1.000000 1000000.000000 0.236960 0.190236 0.219661 0.174116 0.009824 0.008695 
55  0.414706 0.067424 1.555533 43203.575254 
1.000000 1000000.000000 0.239098 0.196001 0.221271 0.178513 0.009085 0.008161 
48  0.410144 0.064589 0.687047 10407.643749 
1.000000 1000000.000000 0.232987 0.197204 0.214954 0.179645 0.009879 0.008577 
44  0.414611 0.068583 1.200618 8164.900740 
1.000000 1000000.000000 0.255237 0.197725 0.234555 0.179908 0.009902 0.008581 
43  0.431103 0.065957 0.488791 1324.210513 
1.000000 1000000.000000 0.233617 0.199542 0.215998 0.181389 0.009713 0.008168 
obs_intvl 5   time_err_sd 0.050000 
347  0.485606 0.092621 0.559986 781.984044 
1.000000 0.400000 0.226886 0.202961 0.209365 0.184819 0.009676 0.008669 
327  0.490739 0.094561 0.517570 729.476032 
1.000000 0.400000 0.258042 0.205547 0.239387 0.186542 0.010554 0.008346 
356  0.482461 0.093717 0.709595 2822.014323 
1.000000 0.400000 0.273610 0.203718 0.251138 0.185367 0.009935 0.008683 
374  0.481591 0.092605 0.695353 3414.721942 
1.000000 0.400000 0.250879 0.204482 0.231820 0.185974 0.010878 0.008660 
317  0.467888 0.090947 0.573610 1514.057408 
1.000000 0.400000 0.229922 0.209172 0.213422 0.189462 0.010544 0.008937 
382  0.490946 0.094961 0.840216 3653.470120 
1.000000 0.400000 0.231481 0.196013 0.215162 0.179374 0.010232 0.009043 
351  0.493912 0.093867 0.585145 1357.417392 
1.000000 0.400000 0.249565 0.201592 0.231114 0.183600 0.009827 0.008535 
356  0.486225 0.093213 0.565182 520.507421 
1.000000 0.400000 0.247583 0.202950 0.229169 0.184879 0.010859 0.008896 
351  0.48798 0.094753 6.688571 240700.387322 
1.000000 0.400000 0.245692 0.203193 0.225295 0.184894 0.010349 0.008983 
343  0.497549 0.093423 0.565630 953.904088 
1.000000 0.400000 0.235453 0.204852 0.217589 0.186248 0.010229 0.008633 
obs_intvl 10   time_err_sd 0.000010 
0  0.000185138 0.038451 0.279531 1976.585759 
1.040000 1000000.000000 0.327736 0.339147 0.273189 0.275308 0.000010 0.000010 
0  0.000183521 0.037818 0.278681 2854.519474 
1.040000 1000000.000000 0.325906 0.339370 0.270773 0.275447 0.000010 0.000010 
0  0.000190328 0.038454 1.352062 43203.567187 
1.040000 1000000.000000 0.325070 0.333949 0.270663 0.272533 0.000010 0.000010 
0  0.000194514 0.037739 0.282265 1596.405860 
1.040000 1000000.000000 0.316395 0.339769 0.262857 0.275563 0.000010 0.000010 
0  0.000178242 0.038168 0.224211 356.157406 
1.040000 1000000.000000 0.314571 0.338700 0.262415 0.274514 0.000010 0.000010 
0  0.000196354 0.038381 0.308990 2751.961131 
1.040000 1000000.000000 0.328898 0.339436 0.273643 0.276021 0.000010 0.000010 
0  0.000189233 0.038765 0.735007 18920.356138 
1.040000 1000000.000000 0.323220 0.328532 0.269658 0.269304 0.000010 0.000010 
0  0.000184963 0.038467 0.290226 1655.861823 
1.040000 1000000.000000 0.304176 0.329314 0.254958 0.269870 0.000010 0.000010 
0  0.000183722 0.038162 0.488484 9335.388486 
1.040000 1000000.000000 0.331974 0.347035 0.275725 0.280176 0.000010 0.000010 
0  0.000186335 0.038445 0.231500 359.985159 
1.040000 1000000.000000 0.325704 0.335353 0.270058 0.273272 0.000010 0.000010 
obs_intvl 10   time_err_sd 0.012500 
0  0.231142 0.044812 0.339281 1976.585298 
1.040000 1000000.000000 0.339038 0.344990 0.285609 0.280617 0.008212 0.007107 
0  0.228822 0.043207 0.384551 2854.519413 
1.040000 1000000.000000 0.349501 0.344764 0.291932 0.280300 0.008681 0.007440 
0  0.237601 0.044325 1.398954 43203.575067 
1.040000 1000000.000000 0.342757 0.340054 0.288246 0.277868 0.008671 0.007086 
0  0.242565 0.045469 0.376592 1596.405838 
1.040000 1000000.000000 0.331886 0.344204 0.279714 0.279618 0.008260 0.007228 
0  0.2223 0.043503 0.319007 1331.960050 
1.040000 1000000.000000 0.329674 0.343423 0.278372 0.278916 0.008235 0.007090 
0  0.24512 0.045724 0.313410 477.273725 
1.040000 1000000.000000 0.344046 0.346095 0.288793 0.281813 0.008569 0.007339 
0  0.236281 0.044897 0.784317 17596.752332 
1.040000 1000000.000000 0.344371 0.334504 0.289835 0.274611 0.008502 0.007228 
0  0.23066 0.044351 0.354747 1655.861767 
1.040000 1000000.000000 0.320217 0.334870 0.270710 0.274689 0.008723 0.007452 
0  0.229287 0.044718 0.304165 506.296173 
1.040000 1000000.000000 0.349323 0.351639 0.291833 0.284389 0.008435 0.007321 
0  0.232591 0.044625 0.866068 21588.026839 
1.040000 1000000.000000 0.344388 0.341034 0.288169 0.278266 0.008216 0.006898 
obs_intvl 10   time_err_sd 0.025000 
0  0.460318 0.065697 0.971124 12999.068652 
1.040000 0.400000 0.370632 0.353693 0.314315 0.288057 0.010750 0.008529 
0  0.454679 0.065884 0.594152 2854.519413 
1.040000 0.400000 0.379252 0.354600 0.321197 0.288510 0.011782 0.008968 
0  0.47286 0.066510 2.483962 43203.575395 
1.040000 0.400000 0.374069 0.349263 0.319126 0.285367 0.011977 0.008424 
0  0.482024 0.067003 0.831935 9433.561217 
1.040000 0.400000 0.369284 0.353635 0.314645 0.287617 0.011274 0.008541 
0  0.441943 0.062798 0.741495 5851.176554 
1.040000 0.400000 0.359326 0.353122 0.307343 0.287018 0.011114 0.008512 
0  0.48798 0.070805 0.611449 4164.708143 
1.040000 0.400000 0.383260 0.355074 0.326514 0.289203 0.011982 0.008631 
0  0.470278 0.067986 0.683359 3442.637265 
1.040000 0.400000 0.367571 0.343630 0.314837 0.282105 0.011421 0.008578 
0  0.458539 0.064922 0.650598 1700.520732 
1.040000 0.400000 0.352520 0.344150 0.302649 0.282637 0.011690 0.008874 
0  0.456374 0.067758 0.450777 777.714753 
1.040000 0.400000 0.377592 0.361676 0.320140 0.292433 0.011546 0.008678 
0  0.463161 0.065990 0.495732 1138.924340 
1.040000 0.400000 0.380596 0.350364 0.322702 0.286117 0.011489 0.008170 
obs_intvl 10   time_err_sd 0.050000 
51  0.81209 0.123470 2.161684 48886.129407 
1.040000 0.400000 0.448362 0.354885 0.385901 0.288924 0.014120 0.010034 
49  0.792004 0.124285 1.647622 25020.260670 
1.040000 0.400000 0.449879 0.355556 0.389470 0.289080 0.015528 0.010344 
59  0.812521 0.125495 3.452163 57003.280300 
1.040000 0.400000 0.457995 0.350146 0.397081 0.286024 0.015877 0.009848 
58  0.830212 0.126298 1.358662 10676.933441 
1.040000 0.400000 0.450115 0.355947 0.393603 0.289462 0.015339 0.009985 
46  0.770713 0.116852 1.912563 44681.384794 
1.040000 0.400000 0.431344 0.353769 0.373391 0.287645 0.014566 0.009605 
56  0.860829 0.134944 0.970666 2339.445103 
1.040000 0.400000 0.491535 0.356582 0.427353 0.290494 0.017617 0.010182 
55  0.808192 0.130528 1.090015 4293.374479 
1.040000 0.400000 0.442140 0.344908 0.384265 0.283250 0.014725 0.009855 
48  0.806325 0.122338 0.890556 4751.101682 
1.040000 0.400000 0.431725 0.346247 0.378285 0.284292 0.015720 0.009954 
44  0.815902 0.128189 0.916424 2162.216988 
1.040000 0.400000 0.458992 0.362717 0.396725 0.293328 0.015635 0.010190 
43  0.832458 0.127376 0.929796 3536.920616 
1.040000 0.400000 0.473503 0.351506 0.409745 0.287007 0.016274 0.009754 
obs_intvl 10   time_err_sd 0.100000 
347  0.954352 0.181142 1.515342 9148.179568 
1.040000 0.400000 0.478937 0.355398 0.415828 0.289483 0.015470 0.010084 
327  0.963768 0.182970 2.087260 32754.768073 
1.040000 0.400000 0.514548 0.356354 0.450518 0.289732 0.017425 0.010779 
356  0.947783 0.178111 1.197426 6102.500888 
1.040000 0.400000 0.507255 0.350764 0.446246 0.286630 0.018053 0.010105 
374  0.938638 0.180136 1.188024 2490.367075 
1.040000 0.400000 0.497959 0.356911 0.438906 0.290144 0.017327 0.009991 
317  0.947569 0.177149 1.012181 1706.389553 
1.040000 0.400000 0.482274 0.354376 0.420280 0.288345 0.016688 0.010134 
382  0.98456 0.183287 1.488047 8834.219059 
1.040000 0.400000 0.539047 0.357421 0.471147 0.290913 0.018929 0.010571 
351  0.959952 0.182451 1.214441 2914.151381 
1.040000 0.400000 0.488804 0.346063 0.430373 0.284197 0.016446 0.010450 
356  0.954756 0.177322 1.139471 6095.796232 
1.040000 0.400000 0.483704 0.345874 0.425965 0.283821 0.016811 0.010415 
351  0.969106 0.184660 1.065851 1337.036459 
1.040000 0.400000 0.525356 0.363211 0.458589 0.293733 0.018455 0.010856 
343  0.971781 0.182535 1.107026 6706.757530 
1.040000 0.400000 0.499718 0.351528 0.433656 0.287049 0.016862 0.009826 
obs_intvl 15   time_err_sd 0.000010 
0  0.000184556 0.037978 0.292277 2854.519222 
1.080000 0.400000 0.426171 0.473070 0.323266 0.344444 0.000010 0.000010 
0  0.000187619 0.038417 0.386529 5708.719366 
1.080000 0.400000 0.444259 0.479186 0.336772 0.347962 0.000010 0.000010 
0  0.000192961 0.038222 0.280902 1408.246691 
1.080000 0.400000 0.439725 0.477865 0.333032 0.346745 0.000010 0.000010 
0  0.000192597 0.038786 0.220480 417.228713 
1.080000 0.400000 0.431898 0.466205 0.328201 0.342126 0.000010 0.000010 
0  0.000179298 0.038289 0.258286 1176.215332 
1.080000 0.400000 0.434461 0.466865 0.330348 0.342868 0.000010 0.000010 
0  0.000193961 0.038276 0.291029 1157.753519 
1.080000 0.400000 0.439086 0.482645 0.332346 0.348978 0.000010 0.000010 
0  0.000190946 0.037895 0.330282 981.217222 
1.080000 0.400000 0.421644 0.473520 0.323263 0.344748 0.000010 0.000010 
0  0.000186091 0.038510 0.235390 472.195564 
1.080000 0.400000 0.416938 0.473908 0.318124 0.345262 0.000010 0.000010 
0  0.000185503 0.038415 0.294797 2343.622241 
1.080000 0.400000 0.427743 0.476038 0.324449 0.346147 0.000010 0.000010 
0  0.000186207 0.037915 0.236245 420.703123 
1.080000 0.400000 0.445332 0.493500 0.332164 0.354121 0.000010 0.000010 
obs_intvl 15   time_err_sd 0.012500 
0  0.230354 0.044299 0.380307 2854.519413 
1.080000 0.400000 0.448219 0.482485 0.344325 0.352538 0.009072 0.007289 
0  0.234034 0.044070 0.488994 5708.719390 
1.080000 0.400000 0.470546 0.487560 0.361470 0.355056 0.009506 0.007131 
0  0.240878 0.044818 0.318954 477.668550 
1.080000 0.400000 0.459914 0.485996 0.353733 0.353798 0.009361 0.007342 
0  0.240351 0.045111 0.498421 5556.273178 
1.080000 0.400000 0.453284 0.474912 0.350761 0.349431 0.009349 0.007394 
0  0.223786 0.043688 0.324655 1723.499501 
1.080000 0.400000 0.443200 0.473330 0.343628 0.348776 0.008752 0.006923 
0  0.242011 0.045100 0.294800 413.279429 
1.080000 0.400000 0.469775 0.490680 0.360056 0.355856 0.009905 0.007297 
0  0.238181 0.044481 0.389640 925.934281 
1.080000 0.400000 0.438601 0.481479 0.340149 0.351341 0.009694 0.007774 
0  0.232077 0.043928 0.323549 679.372486 
1.080000 0.400000 0.437163 0.481509 0.337641 0.351852 0.009222 0.007338 
0  0.231685 0.044433 0.391258 2343.622242 
1.080000 0.400000 0.452378 0.485497 0.349468 0.354007 0.009410 0.007228 
0  0.232414 0.043455 0.347763 1596.397719 
1.080000 0.400000 0.462503 0.502597 0.349788 0.361843 0.009393 0.007278 
obs_intvl 15   time_err_sd 0.025000 
0  0.458473 0.066708 0.573109 2854.519413 
1.080000 0.400000 0.478012 0.485756 0.374395 0.355117 0.012429 0.008821 
0  0.465235 0.066527 0.445504 1240.960946 
1.080000 0.400000 0.512402 0.490793 0.403245 0.358164 0.013949 0.008566 
0  0.479495 0.066365 0.593002 3508.118238 
1.080000 0.400000 0.501924 0.490060 0.395685 0.357125 0.013441 0.008765 
0  0.478408 0.068831 0.654963 4413.108068 
1.080000 0.400000 0.484038 0.477353 0.383982 0.351723 0.013151 0.008821 
0  0.445502 0.064392 0.796589 7200.965378 
1.080000 0.400000 0.479021 0.478716 0.378909 0.352700 0.012334 0.008379 
0  0.481287 0.070895 0.609270 5579.634741 
1.080000 0.400000 0.508799 0.495362 0.401782 0.359391 0.014341 0.008779 
0  0.473476 0.067482 1.214681 23895.722763 
1.080000 0.400000 0.483365 0.485075 0.380519 0.354178 0.013609 0.009390 
0  0.461459 0.065523 0.493630 1638.986448 
1.080000 0.400000 0.480250 0.486354 0.377771 0.355502 0.013133 0.008822 
0  0.461595 0.067001 0.769786 8857.896331 
1.080000 0.400000 0.490420 0.488197 0.388314 0.356207 0.013493 0.008675 
0  0.462765 0.064278 0.587097 2108.048007 
1.080000 0.400000 0.495658 0.505523 0.382929 0.364345 0.013397 0.008689 
obs_intvl 15   time_err_sd 0.050000 
1  0.895448 0.123895 1.082285 3306.537323 
1.080000 0.400000 0.601927 0.488261 0.486170 0.357068 0.018793 0.012043 
4  0.896118 0.124293 0.903181 1259.291782 
1.080000 0.400000 0.656086 0.493194 0.532894 0.359812 0.020659 0.011564 
4  0.931516 0.127062 2.605337 30673.793966 
1.080000 0.400000 0.629094 0.492642 0.513888 0.358865 0.020787 0.011390 
4  0.927529 0.129827 1.222125 8458.567045 
1.080000 0.400000 0.633720 0.479604 0.521238 0.353532 0.020901 0.012100 
5  0.860028 0.121131 0.872585 3588.780722 
1.080000 0.400000 0.591461 0.480235 0.483956 0.353953 0.018526 0.010853 
3  0.934991 0.133946 0.983813 2214.837884 
1.080000 0.400000 0.664159 0.496882 0.541851 0.360846 0.021632 0.011641 
4  0.918609 0.128807 1.137335 3561.598887 
1.080000 0.400000 0.611898 0.488128 0.494434 0.356311 0.019451 0.012410 
5  0.896537 0.124468 2.271261 58383.139289 
1.080000 0.400000 0.613302 0.489189 0.500337 0.357471 0.020424 0.012115 
2  0.903356 0.126126 2.772355 62266.022077 
1.080000 0.400000 0.626002 0.491057 0.511004 0.358248 0.020300 0.011737 
0  0.909929 0.121829 1.081155 6445.277014 
1.080000 0.400000 0.629776 0.507642 0.502755 0.365585 0.020440 0.011823 
obs_intvl 15   time_err_sd 0.100000 
156  1.29908 0.230422 3.611224 82028.239240 
1.160000 0.175000 0.831417 0.588059 0.687921 0.417071 0.028017 0.017780 
131  1.34953 0.238323 1.933277 16480.925535 
1.160000 0.175000 0.881139 0.591873 0.742550 0.419338 0.031181 0.019501 
160  1.33671 0.233980 1.926688 12721.935270 
1.160000 0.175000 0.863433 0.592161 0.725345 0.419148 0.029707 0.018439 
176  1.32421 0.233156 14.579183 526514.107721 
1.160000 0.175000 0.865280 0.580021 0.731266 0.414562 0.029130 0.017241 
121  1.31368 0.227092 1.395252 2065.842246 
1.160000 0.175000 0.857483 0.580551 0.724753 0.414701 0.029417 0.017264 
156  1.38768 0.245299 2.620932 39375.362760 
1.160000 0.175000 0.916038 0.593648 0.775759 0.418910 0.033885 0.020215 
155  1.33153 0.235271 1.778046 13439.855179 
1.160000 0.175000 0.862028 0.589293 0.719552 0.417227 0.028799 0.019927 
142  1.33082 0.229041 1.543084 3340.147921 
1.160000 0.175000 0.834110 0.588112 0.709681 0.417267 0.030001 0.018056 
144  1.34463 0.243248 1.708366 6868.627578 
1.160000 0.175000 0.854245 0.589742 0.719015 0.417648 0.030760 0.019396 
158  1.32483 0.229934 26.048925 981026.126520 
1.160000 0.175000 0.856467 0.607084 0.708736 0.424842 0.029735 0.017380 
obs_intvl 30   time_err_sd 0.000010 
0  0.000186586 0.038225 0.237010 415.081693 
1.160000 0.400000 0.807813 0.871550 0.467619 0.468358 0.000010 0.000010 
0  0.000186377 0.038538 0.260335 581.228252 
1.160000 0.400000 0.856247 0.883482 0.485916 0.471129 0.000010 0.000010 
0  0.000193247 0.038292 0.256731 911.654204 
1.160000 0.400000 0.832312 0.876941 0.477764 0.469016 0.000010 0.000010 
0  0.000192501 0.038309 0.342455 2343.622242 
1.160000 0.400000 0.873396 0.901041 0.492064 0.474357 0.000010 0.000010 
0  0.000180803 0.038311 0.268326 2606.065595 
1.160000 0.400000 0.839886 0.880458 0.481727 0.469668 0.000010 0.000010 
0  0.00019507 0.037937 0.306814 2980.851549 
1.160000 0.400000 0.875872 0.895661 0.500513 0.473856 0.000010 0.000010 
0  0.000193024 0.038303 0.230266 234.522430 
1.160000 0.400000 0.871000 0.891141 0.499295 0.472056 0.000010 0.000010 
0  0.000184753 0.038505 0.244677 667.843970 
1.160000 0.400000 0.817836 0.888277 0.472765 0.471574 0.000010 0.000010 
0  0.000184009 0.038644 0.257800 1077.943314 
1.160000 0.400000 0.814248 0.862151 0.472825 0.464834 0.000010 0.000010 
0  0.000186199 0.038179 0.239427 378.969432 
1.160000 0.400000 0.828907 0.885939 0.472519 0.470913 0.000010 0.000010 
obs_intvl 30   time_err_sd 0.012500 
0  0.232721 0.044062 0.284159 347.797323 
1.080000 0.400000 0.847882 0.812469 0.502640 0.454900 0.013188 0.007788 
0  0.232622 0.043691 1.766277 49923.568648 
1.080000 0.400000 0.888165 0.827575 0.520402 0.458461 0.013027 0.007690 
0  0.241091 0.044184 0.322249 911.654124 
1.080000 0.400000 0.864359 0.817301 0.509389 0.455438 0.012653 0.007608 
0  0.23993 0.044255 0.389257 1456.764673 
1.080000 0.400000 0.950996 0.841117 0.554532 0.462011 0.014192 0.007615 
0  0.225708 0.043650 0.401824 2606.066322 
1.080000 0.400000 0.909967 0.822513 0.539492 0.456359 0.012647 0.007542 
0  0.243674 0.045019 0.334198 745.949099 
1.080000 0.400000 0.901792 0.837154 0.535370 0.460754 0.013806 0.007653 
0  0.240894 0.044194 0.447843 2826.987983 
1.080000 0.400000 0.895218 0.833065 0.523475 0.459883 0.013407 0.007316 
0  0.230559 0.044268 0.443618 4242.708260 
1.080000 0.400000 0.836349 0.829110 0.498259 0.458736 0.012362 0.007408 
0  0.22962 0.044569 0.314815 1077.943313 
1.080000 0.400000 0.890387 0.803597 0.539959 0.451069 0.013401 0.007199 
0  0.23252 0.043990 0.790954 18692.798619 
1.080000 0.400000 0.847134 0.829531 0.496781 0.458941 0.012092 0.007319 
obs_intvl 30   time_err_sd 0.025000 
0  0.462831 0.065747 0.597769 3364.607643 
1.160000 0.400000 0.890844 0.891513 0.548332 0.484262 0.018774 0.009601 
0  0.462733 0.064993 1.168243 18458.319106 
1.160000 0.400000 0.940684 0.908283 0.568891 0.488163 0.018735 0.009466 
0  0.479512 0.067555 0.547010 1170.885608 
1.160000 0.400000 0.897877 0.900118 0.557801 0.485644 0.018594 0.009212 
0  0.476772 0.067997 0.684938 3710.812021 
1.160000 0.400000 0.984149 0.922129 0.597497 0.491098 0.020479 0.009292 
0  0.449351 0.061550 0.421890 733.080022 
1.160000 0.400000 0.911437 0.902997 0.552283 0.485928 0.018260 0.009174 
0  0.485376 0.072030 0.710541 6139.282013 
1.160000 0.400000 0.948675 0.918590 0.586595 0.490418 0.019986 0.009462 
0  0.479248 0.069080 0.494098 1377.386202 
1.160000 0.400000 0.929536 0.913627 0.564392 0.488924 0.019624 0.008948 
0  0.458791 0.064223 0.647451 2927.038657 
1.160000 0.400000 0.891870 0.910703 0.548544 0.488976 0.018140 0.009073 
0  0.456884 0.067637 0.488295 1266.297162 
1.160000 0.400000 0.901926 0.883469 0.560010 0.481006 0.018721 0.008808 
0  0.463312 0.067563 0.551405 1383.551417 
1.160000 0.400000 0.908659 0.910951 0.548597 0.488747 0.017543 0.008955 
obs_intvl 30   time_err_sd 0.050000 
0  0.907347 0.123245 1.266219 6879.166413 
1.160000 0.250000 1.129249 0.914746 0.743518 0.499903 0.028601 0.014973 
0  0.905629 0.121896 1.121220 4619.955919 
1.160000 0.250000 1.143476 0.929184 0.742999 0.503148 0.028905 0.014080 
0  0.939214 0.125589 1.798784 16211.288845 
1.160000 0.250000 1.122596 0.923560 0.745996 0.501848 0.028604 0.013838 
0  0.933596 0.129632 1.175446 4829.297249 
1.160000 0.250000 1.305724 0.940284 0.870366 0.505773 0.032689 0.015897 
0  0.882202 0.116884 1.115574 3411.852096 
1.160000 0.250000 1.136593 0.927898 0.745292 0.501410 0.029161 0.014141 
0  0.952355 0.137914 2.638373 45265.085706 
1.160000 0.250000 1.210724 0.941545 0.802089 0.505618 0.032258 0.015175 
0  0.938924 0.128445 1.263935 4998.631588 
1.160000 0.250000 1.144761 0.936389 0.751534 0.504194 0.030173 0.013962 
0  0.899959 0.122120 3.899190 85147.716131 
1.160000 0.250000 1.128825 0.934338 0.749704 0.505025 0.028747 0.014012 
0  0.896407 0.128955 0.993878 4332.354840 
1.160000 0.250000 1.117507 0.906874 0.747976 0.497103 0.029993 0.013274 
0  0.911628 0.126762 1.039631 2185.908116 
1.160000 0.250000 1.106133 0.936181 0.716124 0.504102 0.027723 0.013496 
obs_intvl 30   time_err_sd 0.100000 
1  1.69364 0.244443 2.775625 26132.875991 
1.640000 0.175000 1.619563 1.329357 1.203346 0.623289 0.059744 0.047486 
4  1.66444 0.244301 2.351046 14402.036310 
1.640000 0.175000 1.692606 1.342753 1.240609 0.625521 0.060787 0.041956 
4  1.73782 0.252091 2.697682 16625.952263 
1.640000 0.175000 1.725859 1.339103 1.290152 0.625290 0.063021 0.047006 
4  1.734 0.257057 1.675079 5396.427721 
1.640000 0.175000 1.788639 1.354804 1.312913 0.627785 0.064825 0.049975 
5  1.62893 0.226990 2.353531 16254.034041 
1.640000 0.175000 1.627324 1.340549 1.199361 0.624171 0.057537 0.042694 
3  1.76134 0.270523 1.951833 3259.012042 
1.640000 0.175000 1.736941 1.348716 1.316533 0.626722 0.063302 0.048949 
4  1.73622 0.257227 1.921837 8332.953714 
1.640000 0.175000 1.698667 1.346427 1.260984 0.625380 0.060153 0.045785 
5  1.67254 0.242209 2.364984 17465.094441 
1.640000 0.175000 1.634937 1.348276 1.221458 0.627222 0.059080 0.045723 
2  1.68013 0.253746 3.763079 45615.692050 
1.640000 0.175000 1.648098 1.321311 1.234155 0.622258 0.060459 0.045587 
0  1.71387 0.248879 2.174752 7698.957757 
1.640000 0.175000 1.708931 1.351572 1.246389 0.626295 0.062814 0.047829 
obs_intvl 30   time_err_sd 0.200000 
156  2.39029 0.464407 3.321909 15660.397407 
1.640000 0.125000 2.193255 1.349981 1.755111 0.643519 0.093295 0.089457 
131  2.41667 0.455624 5.163852 66863.724269 
1.640000 0.125000 2.317758 1.361165 1.859206 0.645233 0.103194 0.093095 
160  2.42219 0.454972 3.201273 17584.334442 
1.640000 0.125000 2.288576 1.361593 1.835679 0.643718 0.095653 0.090454 
176  2.41225 0.462888 3.756875 25642.028980 
1.640000 0.125000 2.342668 1.373477 1.858697 0.646612 0.098026 0.090379 
121  2.38602 0.442053 3.067431 17314.239750 
1.640000 0.125000 2.285822 1.361044 1.818200 0.644047 0.096543 0.087240 
156  2.49661 0.485106 3.522401 9272.617955 
1.640000 0.125000 2.368113 1.371316 1.916172 0.645979 0.106990 0.098202 
155  2.43748 0.472456 7.327276 123036.533203 
1.640000 0.125000 2.274744 1.362897 1.824401 0.644773 0.095639 0.093819 
142  2.41501 0.451189 3.432837 10349.956663 
1.640000 0.125000 2.279147 1.376120 1.835455 0.647286 0.099196 0.091451 
144  2.42886 0.466382 3.714667 33930.955640 
1.640000 0.125000 2.289391 1.351388 1.844313 0.642921 0.100766 0.095236 
158  2.39364 0.453693 2.544596 7853.357927 
1.640000 0.125000 2.279952 1.365145 1.796154 0.644689 0.095897 0.089836 
obs_intvl 60   time_err_sd 0.000010 
0  0.000187172 0.038140 0.287800 919.271540 
1.320000 0.400000 1.880935 2.045106 0.722902 0.673043 0.000010 0.000010 
0  0.000186367 0.038443 0.299593 2980.851382 
1.320000 0.400000 1.907626 2.027050 0.733461 0.670917 0.000010 0.000010 
0  0.000195671 0.038069 0.274336 2003.170098 
1.320000 0.400000 1.899449 2.044954 0.743093 0.673061 0.000010 0.000010 
0  0.000195509 0.038691 0.238357 515.645148 
1.320000 0.400000 1.852407 2.006747 0.725656 0.668197 0.000010 0.000010 
0  0.000183516 0.038601 0.325007 3709.099070 
1.320000 0.400000 1.826737 2.011491 0.713265 0.668620 0.000010 0.000010 
0  0.000191032 0.038033 0.236114 565.036555 
1.320000 0.400000 1.843053 1.988361 0.726412 0.666997 0.000010 0.000010 
0  0.000186822 0.038186 0.313197 1069.354886 
1.320000 0.400000 1.854552 2.005028 0.719216 0.669190 0.000010 0.000010 
0  0.000186309 0.038118 0.271960 1104.996768 
1.320000 0.400000 1.903919 2.029969 0.733716 0.671879 0.000010 0.000010 
0  0.00018458 0.037956 0.337431 2977.799370 
1.320000 0.400000 1.851667 2.002792 0.717721 0.668415 0.000010 0.000010 
0  0.000186202 0.038132 0.321465 4129.327375 
1.320000 0.400000 1.878598 2.025354 0.726081 0.670472 0.000010 0.000010 
obs_intvl 60   time_err_sd 0.012500 
0  0.233734 0.043928 0.487985 3550.916508 
1.320000 0.400000 1.929142 2.065545 0.767000 0.685858 0.020679 0.007921 
0  0.232499 0.043753 0.383144 2980.851464 
1.320000 0.400000 1.962874 2.054084 0.781225 0.683516 0.021558 0.008915 
0  0.244202 0.044399 0.539077 6626.741639 
1.320000 0.400000 1.901775 2.061169 0.772173 0.685442 0.021143 0.008714 
0  0.244091 0.045373 0.345582 2016.066268 
1.320000 0.400000 1.906186 2.025452 0.773402 0.680113 0.022087 0.008825 
0  0.228876 0.043969 0.400370 3709.097466 
1.320000 0.400000 1.889202 2.029290 0.760833 0.680274 0.021066 0.008327 
0  0.238434 0.045071 0.506443 3657.712455 
1.320000 0.400000 1.876329 2.014427 0.766743 0.679631 0.020899 0.008940 
0  0.233182 0.044001 0.392960 1863.532215 
1.320000 0.400000 1.908688 2.024857 0.775512 0.681068 0.020498 0.008600 
0  0.232664 0.044366 1.058594 30295.179628 
1.320000 0.400000 1.929572 2.041366 0.776349 0.682912 0.021332 0.008683 
0  0.230509 0.044142 0.724952 9730.417693 
1.320000 0.400000 1.886632 2.020395 0.755730 0.680556 0.021093 0.008585 
0  0.232534 0.044208 0.399913 4129.328365 
1.320000 0.400000 1.916836 2.049312 0.763066 0.683169 0.020600 0.008616 
obs_intvl 60   time_err_sd 0.025000 
0  0.465547 0.066043 0.504654 632.068573 
1.320000 0.175000 1.993216 2.142950 0.842905 0.727343 0.032631 0.011034 
0  0.462322 0.066276 0.602782 2980.851464 
1.320000 0.175000 2.003650 2.135547 0.847209 0.725118 0.033490 0.012272 
0  0.485772 0.067542 0.588906 1744.769007 
1.320000 0.175000 1.964369 2.138294 0.846731 0.727183 0.034278 0.011883 
0  0.485932 0.067769 0.637671 2382.018754 
1.320000 0.175000 1.978545 2.102892 0.851956 0.722267 0.033954 0.011724 
0  0.454714 0.063626 0.759434 12710.349330 
1.320000 0.175000 1.960984 2.109263 0.826821 0.722317 0.032761 0.011958 
0  0.474691 0.069724 0.531335 1557.231889 
1.320000 0.175000 1.929641 2.095467 0.839589 0.722267 0.032606 0.012036 
0  0.464358 0.068394 0.775984 5019.233859 
1.320000 0.175000 1.969425 2.105691 0.844102 0.723039 0.031663 0.011828 
0  0.463443 0.067203 0.845287 15119.575914 
1.320000 0.175000 1.999227 2.120449 0.848037 0.725601 0.033725 0.012007 
0  0.459478 0.068535 0.809572 6461.633687 
1.320000 0.175000 1.947285 2.100480 0.830333 0.723014 0.032946 0.011847 
0  0.463399 0.066489 0.648092 4129.328365 
1.320000 0.175000 1.996862 2.126199 0.847120 0.724681 0.033119 0.012020 
obs_intvl 60   time_err_sd 0.050000 
0  0.914301 0.123831 1.040227 3588.857004 
1.640000 0.400000 2.129532 2.452322 1.023893 0.756864 0.042876 0.018098 
0  0.905163 0.126726 1.061108 1736.930351 
1.640000 0.400000 2.123119 2.445287 1.025613 0.756769 0.045225 0.018032 
0  0.950541 0.128797 0.894224 1139.126240 
1.640000 0.400000 2.104640 2.444168 1.045831 0.757653 0.046886 0.018618 
0  0.952838 0.130853 1.226352 6693.766221 
1.640000 0.400000 2.122168 2.403750 1.051731 0.751878 0.046812 0.019286 
0  0.888004 0.117717 1.232020 6427.259644 
1.640000 0.400000 2.070833 2.404626 0.995850 0.752463 0.043427 0.018775 
0  0.932637 0.132974 1.888968 25952.283612 
1.640000 0.400000 2.068632 2.389126 1.038609 0.752107 0.046441 0.019368 
0  0.912733 0.129788 1.060945 3891.848015 
1.640000 0.400000 2.109895 2.411997 1.034713 0.754488 0.044187 0.019636 
0  0.910398 0.127575 1.525222 10690.799732 
1.640000 0.400000 2.122663 2.421860 1.041702 0.755261 0.045646 0.018519 
0  0.904887 0.127887 1.345319 17807.041283 
1.640000 0.400000 2.081081 2.403947 1.012141 0.753510 0.045169 0.017829 
0  0.912437 0.123858 1.261452 8426.363864 
1.640000 0.400000 2.094858 2.426159 1.015964 0.754639 0.044306 0.018061 
obs_intvl 60   time_err_sd 0.100000 
0  1.70657 0.237149 2.225867 12587.155271 
1.640000 0.175000 2.445969 2.475632 1.489510 0.787760 0.070242 0.053557 
0  1.68858 0.248307 2.664834 20662.519596 
1.640000 0.175000 2.468013 2.479391 1.506575 0.788500 0.073908 0.049895 
0  1.76138 0.249349 1.442950 1653.124280 
1.640000 0.175000 2.494273 2.464205 1.548471 0.787863 0.076739 0.053881 
0  1.77493 0.256652 2.085983 12042.953185 
1.640000 0.175000 2.523063 2.445973 1.572882 0.784841 0.075607 0.055638 
0  1.64907 0.231758 1.923321 6450.587405 
1.640000 0.175000 2.414547 2.444019 1.462624 0.784473 0.072558 0.051312 
0  1.74757 0.266004 1.897686 5801.650868 
1.640000 0.175000 2.459145 2.432844 1.559618 0.784612 0.079934 0.056867 
0  1.70871 0.253951 1.672184 3215.145222 
1.640000 0.175000 2.480630 2.438456 1.527034 0.785684 0.074162 0.055574 
0  1.70337 0.250793 2.089047 6503.759803 
1.640000 0.175000 2.472506 2.472939 1.523563 0.788827 0.072601 0.052396 
0  1.70348 0.253920 2.721032 29943.487840 
1.640000 0.175000 2.416664 2.437998 1.493774 0.785604 0.072468 0.049049 
0  1.71613 0.246349 6.508211 144585.533211 
1.640000 0.175000 2.470775 2.460525 1.520571 0.786772 0.071712 0.051845 
obs_intvl 60   time_err_sd 0.200000 
1  2.81252 0.469349 6.559874 52365.368642 
1.640000 0.150000 3.123135 2.465091 2.357115 0.800400 0.162378 0.162549 
4  2.80119 0.477743 3.637413 9583.373403 
1.640000 0.150000 3.086110 2.464182 2.358339 0.800010 0.159872 0.152818 
4  2.88254 0.483333 3.587915 10238.462408 
1.640000 0.150000 3.163563 2.430107 2.417770 0.797196 0.167174 0.161191 
4  2.90977 0.504448 15.742494 359632.035662 
1.640000 0.150000 3.167464 2.421773 2.444833 0.795316 0.169372 0.165770 
5  2.74132 0.462862 4.520089 19471.773538 
1.640000 0.150000 3.039093 2.418867 2.299417 0.795252 0.154307 0.149747 
3  2.9009 0.512683 3.373577 14602.658521 
1.640000 0.150000 3.207659 2.412225 2.484255 0.793963 0.176649 0.168211 
4  2.83109 0.506001 4.813668 23158.845187 
1.640000 0.150000 3.137645 2.422351 2.379150 0.795812 0.167669 0.163799 
5  2.82899 0.487494 5.426288 41985.231297 
1.640000 0.150000 3.156587 2.450882 2.404318 0.798557 0.164710 0.160838 
2  2.85945 0.501035 4.511494 17750.825977 
1.640000 0.150000 3.138241 2.423585 2.408675 0.795597 0.163159 0.153390 
0  2.85768 0.490758 3.804133 16571.162247 
1.640000 0.150000 3.162438 2.454562 2.413360 0.799017 0.163478 0.159060 
